p
50,3,73
40,9,97
50,10,100
154,154,154
end
p
-50,3,73
-40,9,97
-50,10,100
154,154,154
end
p
28,-13,-10
24,-18,-9
24,-18,0
28,-13,1
220,220,255
end
p
28,-13,-10
24,-18,-9
5,-18,-10
5,-13,-10
220,220,255
end
p
28,-13,1
24,-18,0
5,-18,1
5,-13,1
220,220,255
end
p
5,-18,1
24,-18,0
24,-18,-9
5,-18,-10
220,220,255
end
p
-5,-13,-10
-5,-18,-10
5,-18,-10
5,-13,-10
220,220,255
end
p
-5,-13,1
-5,-18,1
5,-18,1
5,-13,1
220,220,255
end
p
5,-18,1
-5,-18,1
-5,-18,-10
5,-18,-10
220,220,255
end
p
-5,-13,-10
-5,-18,-10
-24,-18,-9
-28,-13,-10
220,220,255
end
p
-5,-13,1
-5,-18,1
-24,-18,0
-28,-13,1
220,220,255
end
p
-24,-18,0
-5,-18,1
-5,-18,-10
-24,-18,-9
220,220,255
end
p
-28,-13,-10
-24,-18,-9
-24,-18,0
-28,-13,1
220,220,255
end
p
50,25,100
50,25,85
50,10,80
50,10,105
60,60,60
end
p
50,10,105
50,10,80
50,5,65
50,10,50
50,16,47
50,16,40
50,1,50
50,3,73
60,60,60
end
p
50,22,47
50,25,47
50,25,-25
50,22,-25
60,60,60
end
p
50,22,47
50,22,-25
40,22,-20
255,255,255
end
p
50,16,47
50,16,-25
43,16,-20
255,255,255
end
p
50,22,47
40,22,-20
43,16,-20
50,16,47
255,255,255
end
p
50,22,-25
40,22,-20
43,16,-20
50,16,-25
30,30,30
end
p
50,1,50
50,16,40
50,16,-15
50,0,-15
50,0,-9
50,1,47
255,255,255
end
p
50,16,-15
50,16,-25
50,25,-25
50,25,-40
50,10,-45
50,5,-60
50,10,-75
50,25,-80
50,20,-95
50,-2,-95
50,-2,-57
50,-1,-25
50,0,-15
60,60,60
end
p
50,-1,-25
50,-2,-57
50,-2,-95
25,-3,-95
22,-2,-67
33,-4,-64
43,-2,-57
60,60,60
end
p
50,-1,-25
50,-1,-30
43,-2,-57
33,-4,-64
33,-13,-20
255,255,255
end
p
50,-1,-25
50,0,-15
33,-13,-15
33,-13,-20
220,220,255
end
p
50,0,-15
50,0,-9
33,-13,-9
33,-13,-15
255,255,255
end
p
50,0,-9
50,1,47
33,-13,19
33,-13,-9
220,220,255
end
p
50,1,47
50,1,50
33,-13,22
33,-13,19
255,255,255
end
p
50,1,50
48,1,51
31,-13,22
33,-13,22
255,255,255
end
p
50,1,50
50,3,73
40,9,97
30,3,73
23,1,60
60,60,60
end
p
-50,25,100
-50,25,85
-50,10,80
-50,10,105
60,60,60
end
p
-50,10,105
-50,10,80
-50,5,65
-50,10,50
-50,16,47
-50,16,40
-50,1,50
-50,3,73
60,60,60
end
p
-50,22,47
-50,25,47
-50,25,-25
-50,22,-25
60,60,60
end
p
-50,22,47
-50,22,-25
-40,22,-20
255,255,255
end
p
-50,16,47
-50,16,-25
-43,16,-20
255,255,255
end
p
-50,22,47
-40,22,-20
-43,16,-20
-50,16,47
255,255,255
end
p
-50,22,-25
-40,22,-20
-43,16,-20
-50,16,-25
30,30,30
end
p
-50,1,50
-50,16,40
-50,16,-15
-50,0,-15
-50,0,-9
-50,1,47
255,255,255
end
p
-50,16,-15
-50,16,-25
-50,25,-25
-50,25,-40
-50,10,-45
-50,5,-60
-50,10,-75
-50,25,-80
-50,20,-95
-50,-2,-95
-50,-2,-57
-50,-1,-25
-50,0,-15
60,60,60
end
p
-50,-1,-25
-50,-2,-57
-50,-2,-95
-25,-3,-95
-22,-2,-67
-33,-4,-64
-43,-2,-57
60,60,60
end
p
-50,-1,-25
-50,-1,-30
-43,-2,-57
-33,-4,-64
-33,-13,-20
255,255,255
end
p
-50,-1,-25
-50,0,-15
-33,-13,-15
-33,-13,-20
220,220,255
end
p
-50,0,-15
-50,0,-9
-33,-13,-9
-33,-13,-15
255,255,255
end
p
-50,0,-9
-50,1,47
-33,-13,19
-33,-13,-9
220,220,255
end
p
-50,1,47
-50,1,50
-33,-13,22
-33,-13,19
255,255,255
end
p
-50,1,50
-48,1,51
-31,-13,22
-33,-13,22
255,255,255
end
p
-50,1,50
-50,3,73
-40,9,97
-30,3,73
-23,1,60
60,60,60
end
p
50,10,100
50,10,105
25,10,110
-25,10,110
-50,10,105
-50,10,100
-40,9,97
40,9,97
60,60,60
end
p
50,25,100
25,25,110
25,10,110
50,10,105
15,15,15
end
p
-50,25,100
-25,25,110
-25,10,110
-50,10,105
15,15,15
end
p
-25,25,110
25,25,110
0,25,115
60,60,60
end
p
-25,10,110
25,10,110
0,10,115
60,60,60
end
p
25,25,110
-25,25,110
-25,10,110
25,10,110
60,60,60
end
p
-40,9,97
-30,3,73
-23,1,60
23,1,60
30,3,73
40,9,97
60,60,60
end
p
48,1,51
23,1,60
-23,1,60
-48,1,51
-31,-13,22
31,-13,22
220,220,255
end
p
33,-13,22
-33,-13,22
-33,-13,-20
33,-13,-20
255,255,255
end
p
33,-4,-65
22,-2,-67
22,-13,-20
33,-13,-20
20,20,20
end
p
-33,-4,-65
-22,-2,-67
-22,-13,-20
-33,-13,-20
20,20,20
end
p
22,-12,-20
-22,-12,-20
-22,-12,-28
22,-12,-28
255,255,255
end
p
22,-10,-28
-22,-10,-28
-22,-10,-36
22,-10,-36
255,255,255
end
p
22,-8,-36
-22,-8,-36
-22,-8,-44
22,-8,-44
255,255,255
end
p
22,-6,-44
-22,-6,-44
-22,-6,-52
22,-6,-52
255,255,255
end
p
22,-4,-52
-22,-4,-52
-22,-4,-60
22,-4,-60
255,255,255
end
p
22,-2,-60
-22,-2,-60
-22,-2,-67
22,-2,-67
255,255,255
end
p
22,-2,-60
-22,-2,-60
-22,-13,-20
22,-13,-20
220,220,255
end
p
25,-3,-95
22,-2,-67
-22,-2,-67
-25,-3,-95
60,60,60
end
p
50,-2,-95
25,-3,-95
17,5,-95
50,3,-95
220,220,255
end
p
50,3,-95
17,5,-95
19,15,-95
22,20,-95
50,15,-95
20,20,20
end
p
-50,-2,-95
-25,-3,-95
-17,5,-95
-50,3,-95
220,220,255
end
p
-50,3,-95
-17,5,-95
-19,15,-95
-22,20,-95
-50,15,-95
20,20,20
end
p
25,-3,-95
17,5,-95
-17,5,-95
-25,-3,-95
60,60,60
end
p
19,15,-95
17,5,-95
-17,5,-95
-19,15,-95
60,60,60
end
p
50,15,-95
22,20,-95
50,20,-95
60,60,60
end
p
-50,15,-95
-22,20,-95
-50,20,-95
60,60,60
end
p
22,20,-95
19,15,-95
10,15,-95
10,20,-95
255,255,255
end
p
-22,20,-95
-19,15,-95
-10,15,-95
-10,20,-95
255,255,255
end
p
10,20,-95
-10,20,-95
-10,11,-95
10,11,-95
60,60,60
end
p
50,25,85
50,25,100
25,25,110
-25,25,110
-50,25,100
-50,25,85
25,25,25
end
p
40,25,85
-40,25,85
-40,25,45
40,25,45
25,25,25
end
p
50,25,45
-50,25,45
-50,25,-40
50,25,-40
25,25,25
end
p
40,25,-40
-40,25,-40
-40,25,-80
40,25,-80
25,25,25
end
p
50,25,-80
-50,25,-80
-50,20,-95
50,20,-95
25,25,25
end
p
-50,-10,-84
-50,-10,-90
0,-10,-90
50,-10,-90
50,-10,-84
0,-10,-84
255,255,255
end
p
50,-14,-80
50,-14,-94
50,-6,-94
50,-6,-80
60,60,60
end
p
-50,-14,-80
-50,-14,-94
-50,-6,-94
-50,-6,-80
60,60,60
end
p
37,-10,-80
37,-10,-88
37,1,-88
37,1,-80
60,60,60
end
p
-37,-10,-80
-37,-10,-88
-37,1,-88
-37,1,-80
60,60,60
end
p
-50,-20,-84
-50,-20,-90
0,-20,-90
50,-20,-90
50,-20,-84
0,-20,-84
255,255,255
end
p
50,-24,-80
50,-24,-94
50,-16,-94
50,-16,-80
60,60,60
end
p
-50,-24,-80
-50,-24,-94
-50,-16,-94
-50,-16,-80
60,60,60
end
p
37,-20,-80
37,-20,-88
37,-9,-88
37,-9,-80
60,60,60
end
p
-37,-20,-80
-37,-20,-88
-37,-9,-88
-37,-9,-80
60,60,60
end
p
-50,-30,-84
-50,-30,-90
0,-30,-90
50,-30,-90
50,-30,-84
0,-30,-84
255,255,255
end
p
50,-34,-80
50,-34,-94
50,-26,-94
50,-26,-80
60,60,60
end
p
-50,-34,-80
-50,-34,-94
-50,-26,-94
-50,-26,-80
60,60,60
end
p
37,-30,-80
37,-30,-88
37,-19,-88
37,-19,-80
60,60,60
end
p
-37,-30,-80
-37,-30,-88
-37,-19,-88
-37,-19,-80
60,60,60
end
p
-50,-10,-74
-50,-10,-80
0,-10,-80
50,-10,-80
50,-10,-74
0,-10,-74
255,255,255
end
p
50,-14,-70
50,-14,-84
50,-6,-84
50,-6,-70
60,60,60
end
p
-50,-14,-70
-50,-14,-84
-50,-6,-84
-50,-6,-70
60,60,60
end
p
37,-10,-70
37,-10,-78
37,1,-78
37,1,-70
60,60,60
end
p
-37,-10,-70
-37,-10,-78
-37,1,-78
-37,1,-70
60,60,60
end
p
-50,-20,-74
-50,-20,-80
0,-20,-80
50,-20,-80
50,-20,-74
0,-20,-74
255,255,255
end
p
50,-24,-70
50,-24,-84
50,-16,-84
50,-16,-70
60,60,60
end
p
-50,-24,-70
-50,-24,-84
-50,-16,-84
-50,-16,-70
60,60,60
end
p
37,-20,-70
37,-20,-78
37,-9,-78
37,-9,-70
60,60,60
end
p
-37,-20,-70
-37,-20,-78
-37,-9,-78
-37,-9,-70
60,60,60
end
p
-50,-30,-74
-50,-30,-80
0,-30,-80
50,-30,-80
50,-30,-74
0,-30,-74
255,255,255
end
p
50,-34,-70
50,-34,-84
50,-26,-84
50,-26,-70
60,60,60
end
p
-50,-34,-70
-50,-34,-84
-50,-26,-84
-50,-26,-70
60,60,60
end
p
37,-30,-70
37,-30,-78
37,-19,-78
37,-19,-70
60,60,60
end
p
-37,-30,-70
-37,-30,-78
-37,-19,-78
-37,-19,-70
60,60,60
end
p
-50,-10,-64
-50,-10,-70
0,-10,-70
50,-10,-70
50,-10,-64
0,-10,-64
255,255,255
end
p
50,-14,-60
50,-14,-74
50,-6,-74
50,-6,-60
60,60,60
end
p
-50,-14,-60
-50,-14,-74
-50,-6,-74
-50,-6,-60
60,60,60
end
p
37,-10,-60
37,-10,-68
37,1,-68
37,1,-60
60,60,60
end
p
-37,-10,-60
-37,-10,-68
-37,1,-68
-37,1,-60
60,60,60
end
p
-50,-20,-64
-50,-20,-70
0,-20,-70
50,-20,-70
50,-20,-64
0,-20,-64
255,255,255
end
p
50,-24,-60
50,-24,-74
50,-16,-74
50,-16,-60
60,60,60
end
p
-50,-24,-60
-50,-24,-74
-50,-16,-74
-50,-16,-60
60,60,60
end
p
37,-20,-60
37,-20,-68
37,-9,-68
37,-9,-60
60,60,60
end
p
-37,-20,-60
-37,-20,-68
-37,-9,-68
-37,-9,-60
60,60,60
end
p
-50,-30,-64
-50,-30,-70
0,-30,-70
50,-30,-70
50,-30,-64
0,-30,-64
255,255,255
end
p
50,-34,-60
50,-34,-74
50,-26,-74
50,-26,-60
60,60,60
end
p
-50,-34,-60
-50,-34,-74
-50,-26,-74
-50,-26,-60
60,60,60
end
p
37,-30,-60
37,-30,-68
37,-19,-68
37,-19,-60
60,60,60
end
p
-37,-30,-60
-37,-30,-68
-37,-19,-68
-37,-19,-60
60,60,60
end
w
-43,23,65,1,.4
end
w
43,23,65,1,.4
end
w
-40,23,-60,1,.4
end
w
40,23,-60,1,.4
end
