0,13,4000
sq617,626,100,100
sq780,795,50,50
sq800,519,50,50
sq484,507,50,50
sq486,790,50,50
sq1059,272,100,100
sq1012,1101,100,100
sq1183,1174,100,100
sp-1,-1,1,-1,4
sp-1,-1,2,-1,4
sq158,1081,100,100
sq99,1249,100,100
sp-1,-1,3,-1,4
sp-1,-1,2,-1,4
sq120,136,100,100
sq273,38,100,100
sp-1,-1,0,-1,4
sp-1,-1,1,-1,4
sq574,306,200,200
sp-1,-1,2,-1,8
sp-1,-1,1,-1,8
sp-1,-1,0,-1,8
sp-1,-1,3,-1,8
sq1336,24,100,100
sp0,77,3,0,1
sp0,3,3,0,1
sq862,601,170,170
sp-1,-1,3,-1,8
sp-1,-1,2,-1,8
sp-1,-1,1,-1,8
sp-1,-1,0,-1,8
sq295,583,180,180
sp-1,-1,0,-1,8
sp-1,-1,1,-1,8
sp-1,-1,2,-1,8
sp-1,-1,3,-1,8
sq572,863,170,170
sp-1,-1,0,-1,8
sp-1,-1,1,-1,8
sp-1,-1,2,-1,8
sp-1,-1,3,-1,8
